version https://git-lfs.github.com/spec/v1
oid sha256:52eb3c4d05e706f7aa635ff15d0b8c8158bbf61f9d890addb2dcb638b95982c2
size 715885
